ENSG00000168685		5	35852695	35879603
ENSG00000169429		4	73740541	73743716
ENSG00000128342		22	30240453	30246759
ENSG00000104884		19	45349837	45370918
ENSG00000151474		10	13643706	14462142
ENSG00000140538		15	87859751	88256768
ENSG00000115461		2	216672105	216695549
ENSG00000117115		1	17066761	17119451
ENSG00000162909		1	223701593	223776018
ENSG00000138119		10	93306429	93482334
ENSG00000134138		15	36889204	37101299
ENSG00000272916		10	73796514	73811651
ENSG00000076706		11	119308529	119321521
ENSG00000100345		22	36281280	36387967
ENSG00000156510		10	69220332	69267552
ENSG00000137309		6	34236873	34246231
ENSG00000105849		7	19695461	19709037
ENSG00000141252		17	508503	721717
ENSG00000176170		17	76376584	76387860
ENSG00000205336		16	57610652	57665580
ENSG00000143473		1	210676823	211134165
ENSG00000124571		6	43522334	43576038
ENSG00000167767		12	52168996	52192014
ENSG00000120337		1	173039202	173050941
ENSG00000072609		12	132822187	132956304
ENSG00000168924		4	1811479	1856156
ENSG00000174059		1	207880972	207911402
ENSG00000161243		19	38990714	39032785
ENSG00000232677		19	36259540	36331770
ENSG00000162194		11	62662817	62672255
ENSG00000129226		17	7579491	7582111
ENSG00000171873		20	4220630	4249287
ENSG00000173621		11	66856647	66860475
ENSG00000196365		19	5691834	5720572
ENSG00000103326		16	527712	554636
ENSG00000035681		8	58583508	58659853
ENSG00000072110		14	68874128	68979440
ENSG00000170677		18	70289045	70330199
ENSG00000104907		19	13104902	13117567
ENSG00000004139		17	28364356	28404049
ENSG00000260342		16	18788063	18801519
ENSG00000175567		11	73974672	73982843
ENSG00000247077		12	132710819	132722734
ENSG00000142156		21	45981770	46005050
ENSG00000145685		5	78485215	78770021
ENSG00000156502		10	69180234	69209099
ENSG00000134827		11	59852800	59866489
ENSG00000167106		9	127940582	127980989
ENSG00000171606		19	58183029	58213562
ENSG00000161298		19	36604817	36634114
ENSG00000142002		19	4675224	4724673
ENSG00000104881		19	45379638	45406349
ENSG00000117877		19	45406644	45410737
ENSG00000197261		6	49550646	49561907
ENSG00000259316		15	64181180	64381440
ENSG00000278535		17	36591879	36600804
ENSG00000240225		19	56368099	56379828
ENSG00000180535		7	98211439	98215457
ENSG00000073060		12	124776856	124882668
ENSG00000165684		9	136375577	136400170
ENSG00000105855		7	20330702	20415754
ENSG00000059691		4	151670504	151761007
ENSG00000099290		10	50067888	50133509
ENSG00000240476		3	98981058	98983096
ENSG00000244274		20	45406057	45410610
ENSG00000188130		22	50245450	50261716
ENSG00000134905		13	110641412	110713603
ENSG00000131016		6	151239967	151358559
ENSG00000168679		1	110362851	110391082
ENSG00000126602		16	3651639	3717553
ENSG00000092445		15	41557675	41583589
ENSG00000160877		19	13116862	13141147
ENSG00000163359		2	237324003	237414328
ENSG00000130402		19	38647649	38731589
ENSG00000188026		12	123470054	123533719
ENSG00000145247		4	48885019	48906937
ENSG00000231131		10	52450874	52755507
ENSG00000275216		13	109269634	109278512
ENSG00000278259		17	36495636	36543435
ENSG00000198131		19	58228594	58277495
ENSG00000171951		2	223596940	223602361
ENSG00000169180		16	28097976	28211965
ENSG00000132361		17	2689386	2712663
ENSG00000105255		19	4304598	4323843
ENSG00000123143		19	14433053	14471867
ENSG00000197785		1	1512162	1534685
ENSG00000177106		11	694438	727727
ENSG00000054392		1	210328252	210676296
ENSG00000261934		5	141402778	141512975
ENSG00000160796		3	46979666	47009704
ENSG00000135480		12	52232520	52252186
ENSG00000136802		9	128882133	128918039
ENSG00000163482		2	218672069	218702716
ENSG00000162595		1	68045886	68051631
ENSG00000133028		17	10672474	10698375
ENSG00000127527		19	16355239	16472085
ENSG00000086712		X	16786432	16844519
ENSG00000171552		20	31664452	31723989
ENSG00000142227		19	48321509	48330553
ENSG00000122140		9	135499984	135504673
ENSG00000196458		12	132918306	132956306
ENSG00000101040		20	47209214	47356889
ENSG00000162458		1	15756607	15786594
ENSG00000160208		21	43659560	43696079
ENSG00000062485		12	56271699	56300391
ENSG00000163827		3	46515385	46606948
ENSG00000167779		12	53097436	53102345
ENSG00000182986		19	52860851	52897693
ENSG00000173581		19	55641062	55653161
ENSG00000096717		10	67884656	67918390
ENSG00000117625		1	211258377	211316385
ENSG00000133316		11	62832342	62841809
ENSG00000103249		16	1444934	1475084
ENSG00000233143		2	217261699	217336120
ENSG00000004776		19	35754566	35758079
ENSG00000161996		16	649311	667833
ENSG00000197122		20	37344685	37406050
ENSG00000165689		9	136401922	136410614
ENSG00000137825		15	41493393	41503551
ENSG00000240303		3	132558138	132660082
ENSG00000125753		19	45506579	45526983
ENSG00000272821		22	50523926	50524780
ENSG00000183688		17	439978	445939
ENSG00000105726		19	19645198	19663676
ENSG00000136205		7	47275154	47582558
ENSG00000142173		21	46098112	46132848
ENSG00000090020		1	27098809	27166981
ENSG00000172687		19	21358930	21388582
ENSG00000160886		8	142700111	142705127
ENSG00000130779		12	122271432	122422669
ENSG00000183696		7	48088628	48108736
ENSG00000268812		22	30246205	30246998
ENSG00000091127		7	105439661	105522271
ENSG00000181472		6	151364115	151391559
ENSG00000242802		7	4775615	4794397
ENSG00000161091		19	3538261	3574290
ENSG00000169231		1	155195588	155209051
ENSG00000243716		16	22479121	22536521
ENSG00000100401		22	41244779	41286187
ENSG00000168490		8	22219703	22232101
ENSG00000242372		20	35278907	35284985
ENSG00000169131		5	178711512	178730659
ENSG00000008517		16	3065297	3082192
ENSG00000234444		7	64307459	64356634
ENSG00000010322		3	52455118	52493068
ENSG00000197102		14	101964573	102056443
ENSG00000182901		1	240775514	241357230
ENSG00000197961		19	9560329	9584504
ENSG00000099364		16	30923055	30948783
ENSG00000198933		17	47694081	47712050
ENSG00000169136		19	49928702	49933935
ENSG00000004846		7	20615667	20777038
ENSG00000183426		16	14922802	14952060
ENSG00000174791		11	66330241	66336840
ENSG00000136717		2	127048027	127107288
ENSG00000184216		X	154010506	154019902
ENSG00000099250		10	33177492	33336262
ENSG00000148334		9	128120693	128128462
ENSG00000134815		19	47349315	47382704
ENSG00000108395		17	58982638	59106921
ENSG00000033030		12	122471599	122501073
ENSG00000151952		12	129071725	129904025
ENSG00000160285		21	46188141	46228824
ENSG00000285628		16	18318008	18344283
ENSG00000159079		21	32592079	32612603
ENSG00000189223		2	113211421	113276581
ENSG00000141076		16	69131291	69231130
ENSG00000007545		16	1612337	1677908
ENSG00000164442		6	139371807	139374648
ENSG00000104885		19	2163933	2232578
ENSG00000181523		17	80206716	80220923
ENSG00000171861		17	782353	792509
ENSG00000241878		22	31618491	31662432
ENSG00000123600		2	171315746	171434802
ENSG00000111252		12	111405923	111451623
ENSG00000173786		17	41966763	41977740
ENSG00000113758		5	177456608	177474401
ENSG00000132300		2	86106223	86142157
ENSG00000087076		19	48813018	48836510
ENSG00000123159		19	14477760	14496149
ENSG00000188171		19	20619939	20661596
ENSG00000100036		22	30635781	30669016
ENSG00000138443		2	203328280	203447728
ENSG00000126088		1	45010950	45015575
ENSG00000170558		18	27932879	28177946
ENSG00000171877		15	43870761	44195271
ENSG00000167695		17	732412	742968
ENSG00000196305		9	92210207	92293854
ENSG00000173156		11	67056847	67072017
ENSG00000159131		21	33503931	33543491
ENSG00000161179		22	21628089	21630064
ENSG00000176225		18	70003031	70205726
ENSG00000164045		3	48157146	48188417
ENSG00000198604		14	34752731	34875647
ENSG00000156709		X	130124666	130165879
ENSG00000162614		1	77888513	77943895
ENSG00000172932		11	67289300	67302485
ENSG00000172661		10	45727200	45792964
ENSG00000162413		1	6590724	6614607
ENSG00000197081		6	159969082	160113507
ENSG00000206053		16	1678256	1702280
ENSG00000008394		12	16347142	16609259
ENSG00000153107		2	111611639	111884690
ENSG00000108773		17	42113111	42121367
ENSG00000139697		12	123289109	123364847
ENSG00000115295		2	29097705	29189643
ENSG00000108854		17	64542282	64662307
ENSG00000087088		19	48954815	48961798
ENSG00000011295		17	15999784	16045015
ENSG00000008130		1	1751232	1780457
ENSG00000165688		9	136410641	136423761
ENSG00000196705		19	21142024	21196053
ENSG00000145107		3	196319342	196338503
ENSG00000113552		5	141991749	142013041
ENSG00000141837		19	13206442	13633025
ENSG00000066322		1	43363398	43368074
ENSG00000129347		19	10553085	10566031
ENSG00000114999		2	112482156	112541739
ENSG00000105197		19	39480412	39493785
ENSG00000178952		16	28842411	28846348
ENSG00000185344		12	123712353	123761755
ENSG00000112996		5	44808947	44820428
ENSG00000012061		19	45407334	45478828
ENSG00000105137		19	15107401	15114985
ENSG00000105364		19	10251901	10260055
ENSG00000167716		17	1716523	1738599
ENSG00000066697		9	100427143	100451734
ENSG00000076604		17	28744005	28750956
ENSG00000136068		3	58008398	58172251
ENSG00000172943		X	53936676	54048958
ENSG00000171466		19	9641807	9675100
ENSG00000188064		22	45920366	45977162
ENSG00000198000		9	92297358	92325636
ENSG00000103932		15	41517176	41544269
ENSG00000120129		5	172768096	172771195
ENSG00000182378		X	276322	303356
ENSG00000169062		13	114281601	114305817
ENSG00000104980		19	7926718	7943667
ENSG00000184470		22	19875517	19941820
ENSG00000087077		7	100867387	100873454
ENSG00000125630		2	112541915	112579818
ENSG00000103043		16	70687439	70801160
ENSG00000115241		2	27381195	27409591
ENSG00000110880		12	108645109	108731526
ENSG00000173040		4	5542772	5709548
ENSG00000168273		3	52534013	52579237
ENSG00000067369		15	43403061	43510728
ENSG00000245680		19	37181579	37218153
ENSG00000284194		22	50523568	50526461
ENSG00000204856		12	110468415	110490385
ENSG00000253729		8	47773111	47960178
ENSG00000129250		17	4997950	5028401
ENSG00000198522		2	27628247	27651511
ENSG00000162129		11	72285495	72434680
ENSG00000225190		17	45435900	45490749
ENSG00000214029		12	133104779	133130274
ENSG00000164818		7	726699	786475
ENSG00000112855		5	140691430	140699305
ENSG00000080823		14	102224500	102305190
ENSG00000159899		9	35791591	35809732
ENSG00000126934		19	4090321	4124122
ENSG00000185818		4	2059327	2069089
ENSG00000189410		1	20719731	20732837
ENSG00000091483		1	241497511	241519799
ENSG00000171246		17	80466834	80477843
ENSG00000161654		17	44034328	44067619
ENSG00000171451		18	67506587	67516720
ENSG00000117586		1	173183731	173207331
ENSG00000082212		18	50879080	50954257
ENSG00000148356		9	127451489	127503499
ENSG00000167766		19	52594060	52690496
ENSG00000139719		12	122229564	122266494
ENSG00000167962		16	1997654	2009821
ENSG00000253159		5	141430507	141512975
ENSG00000162408		1	6521347	6554513
ENSG00000099377		16	30985207	30989147
ENSG00000160193		21	42843094	42879568
ENSG00000266554		18	14946267	14974215
ENSG00000176165		14	28766787	28770277
ENSG00000072121		14	67727374	67816590
ENSG00000259583		15	100892343	100919391
ENSG00000120254		6	150865679	151101887
ENSG00000138095		2	43886224	43996226
ENSG00000117118		1	17018722	17054032
ENSG00000228300		19	1275530	1279244
ENSG00000125826		20	407498	432139
ENSG00000197497		19	53159213	53193386
ENSG00000035141		2	70295975	70302090
ENSG00000065000		19	2100988	2164468
ENSG00000171813		10	132397168	132417859
ENSG00000025772		20	44942130	44960397
ENSG00000228623		9	112957722	113012227
ENSG00000075643		18	36187497	36272157
ENSG00000184451		17	42678889	42683917
ENSG00000105722		19	42247569	42255128
ENSG00000186283		1	179082070	179098023
ENSG00000197879		17	1464186	1492686
ENSG00000135046		9	73151865	73170393
ENSG00000105671		19	18919705	18929189
ENSG00000126001		20	35455164	35519280
ENSG00000198715		1	156290089	156295689
ENSG00000146733		7	56011051	56051604
ENSG00000205609		16	28379579	28403841
ENSG00000124120		20	44475874	44494603
ENSG00000095319		9	128947699	129007096
ENSG00000140682		16	31471585	31477960
ENSG00000133275		19	1941172	1981338
ENSG00000198720		17	29589769	29614761
ENSG00000186591		7	129830732	129952960
ENSG00000256229		19	20167214	20200488
ENSG00000150938		2	36355778	36551135
ENSG00000165283		9	35099776	35103195
ENSG00000254206		16	29381354	29404029
ENSG00000171574		19	58401504	58418327
ENSG00000167721		17	2322396	2336657
ENSG00000117308		1	23795599	23800781
ENSG00000081665		19	19785839	19821751
ENSG00000180777		18	14728272	14854038
ENSG00000181007		19	36383120	36418644
ENSG00000167264		16	67987746	68079320
ENSG00000198093		19	51889235	51905040
ENSG00000137054		9	37485948	37503697
ENSG00000148187		9	122264603	122331337
ENSG00000108262		17	29573475	29594054
ENSG00000065802		2	238426742	238452250
ENSG00000160767		1	155247205	155255483
ENSG00000079313		19	1815248	1848483
ENSG00000184110		16	28688558	28735727
ENSG00000166603		18	60371062	60372775
ENSG00000196449		1	37802945	37808208
ENSG00000108561		17	5432777	5448830
ENSG00000084774		2	27217369	27243943
ENSG00000167491		19	19385826	19508932
ENSG00000050405		12	50175788	50283546
ENSG00000075239		11	108116695	108147603
ENSG00000122335		6	158109519	158168280
ENSG00000147642		8	109573978	109691791
ENSG00000262526		17	7240427	7244635
ENSG00000213563		8	144525733	144529132
ENSG00000109519		4	7058895	7068064
ENSG00000113569		5	37288137	37371106
ENSG00000173473		3	47585269	47782106
ENSG00000139370		12	128793194	128823958
ENSG00000132676		1	155687960	155739010
ENSG00000196967		19	37106734	37172741
ENSG00000064225		3	98732236	98821201
ENSG00000132004		19	12688053	12696631
ENSG00000152223		18	45847609	45967329
ENSG00000172059		2	10042849	10054836
ENSG00000204842		12	111443485	111599676
ENSG00000125618		2	113215997	113278921
ENSG00000198040		12	133037292	133063304
ENSG00000172183		15	88635670	88656483
ENSG00000175592		11	65892049	65900573
ENSG00000165055		7	128476729	128506602
ENSG00000119285		1	236549005	236604516
ENSG00000085760		2	55236595	55269347
ENSG00000204371		6	31879759	31897687
ENSG00000101444		20	34280268	34311802
ENSG00000166444		11	8693351	8910951
ENSG00000159147		21	33559542	33588706
ENSG00000167524		17	28601827	28614197
ENSG00000181666		19	37312837	37369365
ENSG00000155561		7	135557917	135648757
ENSG00000100139		22	37905657	37942822
ENSG00000179598		17	17200995	17206333
ENSG00000261067		16	28974804	28990775
ENSG00000106266		7	2251770	2354318
ENSG00000139263		12	58872149	58920504
ENSG00000165219		9	125261794	125367207
ENSG00000171206		10	102644479	102658318
ENSG00000167363		17	82735615	82751196
ENSG00000109107		17	28573115	28576948
ENSG00000174669		11	66362521	66372214
ENSG00000007384		16	58059	76355
ENSG00000125166		16	58707131	58734342
ENSG00000129932		19	3490821	3500674
ENSG00000183631		X	126819729	126821786
ENSG00000108671		17	32444379	32483319
ENSG00000068654		2	86020216	86106155
ENSG00000071127		4	10074339	10116949
ENSG00000275719		19	46787815	46789043
ENSG00000101104		20	44910060	44959035
ENSG00000119760		2	27650809	27663840
ENSG00000142544		19	51097606	51108409
ENSG00000196498		12	124324415	124567589
ENSG00000169246		16	21402237	21448567
ENSG00000106346		7	6104884	6161564
ENSG00000136048		12	101877580	102012130
ENSG00000253537		5	141382739	141512975
ENSG00000169895		X	16719612	16765340
ENSG00000118257		2	205681990	205798133
ENSG00000267534		19	10221433	10231331
ENSG00000188501		15	66547179	66565979
ENSG00000127220		19	17292131	17310236
ENSG00000243207		19	10106223	10114780
ENSG00000198182		19	37696371	37719761
ENSG00000170442		12	52249300	52309163
ENSG00000105072		19	16496394	16521352
ENSG00000122696		9	37879400	37904353
ENSG00000189190		19	52749942	52786807
ENSG00000085415		18	12947133	12987536
ENSG00000234773		19	12195015	12237767
ENSG00000129925		16	370788	387113
ENSG00000142657		1	10398592	10420511
ENSG00000160049		1	10456522	10472529
ENSG00000132510		17	7834217	7854796
ENSG00000188807		1	9588911	9614877
ENSG00000114648		3	47282917	47346816
ENSG00000100296		22	29505879	29555216
ENSG00000104823		19	38815422	38831841
ENSG00000121289		19	32875925	32971991
ENSG00000105643		19	18001132	18014102
ENSG00000141965		19	4791734	4801273
ENSG00000100722		14	88562970	88627596
ENSG00000264112		17	57989039	57994850
ENSG00000145041		3	51395867	51500015
ENSG00000131653		16	2155698	2178129
ENSG00000167969		16	2239402	2252300
ENSG00000188522		17	18968789	19004764
ENSG00000003249		16	90004871	90019890
ENSG00000132382		17	4538897	4555386
ENSG00000283782		5	132410832	132646079
ENSG00000100003		22	30396941	30425303
ENSG00000121060		17	56836387	56914080
ENSG00000249859		8	127794526	128187101
ENSG00000148291		9	133356550	133361158
ENSG00000071564		19	1609290	1652615
ENSG00000141101		16	69741871	69754926
ENSG00000101181		20	62183028	62203568
ENSG00000106683		7	74082933	74122525
ENSG00000156103		8	88032011	88328025
ENSG00000136270		7	45100100	45112047
ENSG00000105229		19	4007736	4039386
ENSG00000188191		7	549197	727650
ENSG00000106028		7	141738334	141787922
ENSG00000071462		7	73683025	73705161
ENSG00000103222		16	15949138	16143257
ENSG00000070814		5	150357629	150400308
ENSG00000120437		6	159762045	159779112
ENSG00000168488		16	28822999	28837237
ENSG00000226742		18	79964582	79970822
ENSG00000183889		16	16317444	16350590
ENSG00000116863		1	36088892	36093932
ENSG00000132128		1	46261196	46303616
ENSG00000162377		1	52684449	52698347
ENSG00000130309		19	17555649	17583162
ENSG00000152465		10	15102584	15168693
ENSG00000177225		11	767220	777488
ENSG00000160305		21	46458891	46570015
ENSG00000183864		22	41433494	41446801
ENSG00000188549		15	40331452	40340967
ENSG00000148840		10	102132994	102150333
ENSG00000184254		15	100877714	100916626
ENSG00000138363		2	215311956	215349773
ENSG00000107262		9	33247820	33264720
ENSG00000178531		19	7924491	7926135
ENSG00000166889		11	59636716	59669037
ENSG00000084623		1	32221077	32245397
ENSG00000172269		11	119096025	119108331
ENSG00000041880		3	51942345	51948867
ENSG00000108439		17	47941506	47949308
ENSG00000139641		12	56118250	56144674
ENSG00000116786		1	15684320	15734769
ENSG00000179115		19	12922479	12934037
ENSG00000275464		21	5130871	5154658
ENSG00000171055		2	36531805	36646087
ENSG00000177192		12	131929200	131945896
ENSG00000176946		2	241584405	241637158
ENSG00000116285		1	8004404	8026309
ENSG00000147041		X	38006553	38128819
ENSG00000163064		2	118842171	118847648
ENSG00000147799		8	144529179	144605816
ENSG00000170545		12	51244558	51270415
ENSG00000198356		19	12737139	12748323
ENSG00000185359		17	81683326	81703138
ENSG00000100304		22	43166622	43187134
ENSG00000152439		19	57499915	57518404
ENSG00000130311		19	17309518	17323298
ENSG00000170265		7	149195546	149226238
ENSG00000010256		3	48599002	48610976
ENSG00000103024		16	1770320	1771561
ENSG00000130764		1	3778559	3796498
ENSG00000165802		9	137447570	137459334
ENSG00000167965		16	2204248	2209453
ENSG00000277462		1	247034637	247078811
ENSG00000214652		7	64045434	64085339
ENSG00000128283		22	37560480	37569405
ENSG00000183955		12	123383773	123409353
ENSG00000112658		6	43171269	43181506
ENSG00000102981		16	67660946	67662774
ENSG00000176619		19	2427638	2456959
ENSG00000111696		12	103770453	103841234
ENSG00000171425		19	55635459	55645623
ENSG00000106263		7	2354086	2380745
ENSG00000103653		15	74782080	74803197
ENSG00000160803		1	156035299	156053798
ENSG00000167112		9	128305159	128322447
ENSG00000160299		21	46324141	46445769
ENSG00000130204		19	44890569	44903689
ENSG00000176978		9	137110546	137115177
ENSG00000185864		16	21834569	21880827
ENSG00000197077		22	24952716	25197448
ENSG00000105974		7	116524994	116561179
ENSG00000138756		4	78776342	78916365
ENSG00000177169		12	131894622	131923150
ENSG00000094804		17	40287879	40304657
ENSG00000125319		17	44141906	44162476
ENSG00000116691		1	12019466	12032045
ENSG00000198467		9	35681992	35690056
ENSG00000100979		20	45898621	45912155
ENSG00000250899		12	3041437	3044950
ENSG00000172840		16	66878589	66895754
ENSG00000091073		7	76461676	76505995
ENSG00000149541		11	62615296	62622154
ENSG00000147883		9	22002903	22009305
ENSG00000103061		16	68284503	68310946
ENSG00000112159		6	89642498	89819794
ENSG00000253846		5	141412987	141512975
ENSG00000080603		16	30698209	30741409
ENSG00000139278		12	75480753	75503863
ENSG00000004455		1	33007940	33080996
ENSG00000184939		16	68530090	68576072
ENSG00000227345		10	49818279	49970203
ENSG00000182218		14	99645129	99680569
ENSG00000103202		16	396725	410367
ENSG00000215193		22	18077923	18105396
ENSG00000107959		10	3137728	3172841
ENSG00000014919		10	99710868	99732127
ENSG00000105976		7	116672196	116798377
ENSG00000172888		3	40524878	40574685
ENSG00000268975		19	40771648	40796943
ENSG00000160408		9	127885321	127905408
ENSG00000055483		17	78787381	78841441
ENSG00000157680		7	137381037	137847092
ENSG00000154134		11	124865432	124881471
ENSG00000109089		17	74987632	75005800
ENSG00000117593		1	173824653	173858808
ENSG00000093167		3	37052626	37183689
ENSG00000121390		13	19674752	19783019
ENSG00000138759		4	78057323	78544269
ENSG00000134594		X	130171962	130184870
ENSG00000130119		X	54530183	54621521
ENSG00000198920		17	6578147	6640711
ENSG00000049192		5	65148738	65481920
ENSG00000082516		5	154887411	154938211
ENSG00000103187		16	84565596	84618078
ENSG00000129521		14	33924227	34462774
ENSG00000013588		12	12891559	12917937
ENSG00000115317		2	74529725	74533332
ENSG00000103197		16	2047967	2089491
ENSG00000284428		19	23259906	23274251
ENSG00000104866		19	45091396	45148077
ENSG00000197016		19	56567468	56588911
ENSG00000185813		17	81900958	81911432
ENSG00000186230		19	57435325	57447101
ENSG00000197119		14	100291116	100306547
ENSG00000265992		3	54632122	54639857
ENSG00000033050		7	151211484	151227205
ENSG00000040531		17	3636459	3663103
ENSG00000153443		16	4608883	4615027
ENSG00000161011		5	179806398	179838078
ENSG00000108604		17	63832081	63843065
ENSG00000187801		1	40450102	40463718
ENSG00000148843		10	103396626	103446294
ENSG00000108010		10	130136391	130184521
ENSG00000125454		17	75272981	75289510
ENSG00000163811		2	28894667	28948219
ENSG00000018699		2	32628032	32821051
ENSG00000148606		10	77969251	78029515
ENSG00000099326		19	58561931	58573575
ENSG00000103507		16	31106107	31112791
ENSG00000149480		11	62593214	62601865
ENSG00000227671		1	247189851	247210856
ENSG00000213699		2	26764284	26781231
ENSG00000267260		19	36773112	36777078
ENSG00000278129		19	58278955	58302791
ENSG00000128510		7	130293134	130324180
ENSG00000124875		4	73836640	73849064
ENSG00000136715		2	127941217	128028120
ENSG00000169203		16	29483642	29505999
ENSG00000104973		19	49818282	49840383
ENSG00000166902		11	59806140	59810778
ENSG00000173153		11	64305497	64316743
ENSG00000124207		20	49046246	49096960
ENSG00000131473		17	41866917	41930542
ENSG00000170684		19	45071500	45076587
ENSG00000160753		1	155320894	155331114
ENSG00000100605		14	92936914	93116320
ENSG00000148384		9	136428619	136439845
ENSG00000117013		1	40783787	40840452
ENSG00000135723		16	67229387	67247481
ENSG00000131844		5	71579531	71658706
ENSG00000122512		7	5970925	6009106
ENSG00000151532		10	112446998	112818744
ENSG00000110955		12	56638175	56645984
ENSG00000163938		3	52681156	52694497
ENSG00000211450		11	57741250	57743554
ENSG00000204316		17	75898644	75905093
ENSG00000140859		16	57758217	57863053
ENSG00000135372		11	34105617	34147670
ENSG00000093217		3	38346760	38421348
ENSG00000139645		12	56237807	56258384
ENSG00000187605		2	73984910	74108176
ENSG00000159216		21	34787801	36004667
ENSG00000162191		11	62676498	62679117
ENSG00000004142		17	28346633	28357527
ENSG00000090621		1	39560709	39576790
ENSG00000204673		19	49869033	49878459
ENSG00000214022		7	150368189	150374044
ENSG00000144580		2	218568580	218597080
ENSG00000095321		9	129094142	129111189
ENSG00000101310		20	18507520	18561415
ENSG00000197024		7	149126416	149183042
ENSG00000198055		5	177403204	177442901
ENSG00000253873		5	141421047	141512975
ENSG00000120314		5	140664868	140674124
ENSG00000122882		10	73130155	73169055
ENSG00000006744		17	12991612	13018065
ENSG00000167685		19	56132599	56160893
ENSG00000099381		16	30957754	30984664
ENSG00000087269		4	2937933	2963406
ENSG00000262246		16	4354542	4425705
ENSG00000133315		11	63998558	64166113
ENSG00000180104		5	443175	471937
ENSG00000108559		17	5360963	5419676
ENSG00000155906		6	151398898	151452158
ENSG00000168268		3	52524385	52535054
ENSG00000030066		11	47778087	47848555
ENSG00000139579		12	56222015	56229854
ENSG00000204568		6	30617840	30626395
ENSG00000075234		22	46267961	46294008
ENSG00000169733		17	82047902	82051831
ENSG00000115216		2	27427790	27442259
ENSG00000187240		11	103109410	103479863
ENSG00000162066		16	2520357	2531422
ENSG00000186017		19	36445119	36489902
ENSG00000090273		1	26900238	26946871
ENSG00000068120		17	42561467	42566277
ENSG00000101460		20	34546854	34560345
ENSG00000005100		17	5440917	5468982
ENSG00000100084		22	19330698	19447450
ENSG00000182979		14	105419820	105470729
ENSG00000161013		5	179797597	179806952
ENSG00000121892		4	39822863	39977956
ENSG00000132613		16	70661204	70686053
ENSG00000196182		1	36339624	36385924
ENSG00000101846		X	7147237	7804358
ENSG00000136933		9	125200542	125234161
ENSG00000145014		3	194587673	194633689
ENSG00000148399		9	137554444	137578925
ENSG00000185917		21	36034541	36079389
ENSG00000269825		19	52650447	52690533
ENSG00000032389		2	3188925	3377830
ENSG00000065150		13	97953658	98024296
ENSG00000186960		14	28765640	28823817
ENSG00000175602		11	65890673	65891635
ENSG00000086232		7	6022247	6059175
ENSG00000196437		19	37411155	37469275
ENSG00000214706		3	50287732	50292918
ENSG00000119408		9	124257606	124353307
ENSG00000142528		19	50025714	50053414
ENSG00000241945		21	44107373	44131181
ENSG00000125755		19	45815410	45863194
ENSG00000177542		11	790475	798281
ENSG00000177731		17	18244815	18258738
ENSG00000126215		14	103697609	103715504
ENSG00000131828		X	19343893	19361718
ENSG00000067191		17	39173453	39197703
ENSG00000205730		16	19113932	19121629
ENSG00000244694		6	47856673	48111197
ENSG00000120008		10	120851305	120909524
ENSG00000223802		19	18868545	18896727
ENSG00000004975		17	7225342	7234517
ENSG00000106635		7	73536356	73557690
ENSG00000103264		16	87326987	87392142
ENSG00000203485		14	104681146	104722535
ENSG00000102312		X	48508959	48520814
ENSG00000107742		10	72059034	72089032
ENSG00000005801		11	3339261	3379222
ENSG00000155511		5	153489615	153813869
ENSG00000254986		11	66480013	66509657
ENSG00000196642		9	136807943	136841187
ENSG00000169682		16	28974221	28984548
ENSG00000170638		22	50185913	50199598
ENSG00000139842		13	113208193	113267108
ENSG00000132153		3	47802909	47850195
ENSG00000213689		3	48465811	48467645
ENSG00000185803		8	144333957	144361286
ENSG00000111725		12	119667864	119681624
ENSG00000100412		22	41447830	41529273
ENSG00000089154		12	120127202	120194715
ENSG00000002834		17	38869859	38921770
ENSG00000099625		19	1228287	1238027
ENSG00000166166		14	103529196	103537073
ENSG00000198026		20	45948660	45972203
ENSG00000146731		7	56051685	56063989
ENSG00000102967		16	72008588	72027664
ENSG00000119922		10	89283694	89309271
ENSG00000103174		16	5024844	5034141
ENSG00000156381		14	102501767	102509799
ENSG00000063169		19	47608196	47703277
ENSG00000120709		5	138331935	138349729
ENSG00000130299		19	17334920	17342731
ENSG00000112651		6	43054029	43059438
ENSG00000084112		12	108778191	108857590
ENSG00000111845		6	10694972	10709782
ENSG00000171097		9	128832942	128882494
ENSG00000164535		7	6409126	6484190
ENSG00000108592		17	63819433	63830012
ENSG00000133706		5	146110566	146182696
ENSG00000075407		10	38094334	38150293
ENSG00000139405		12	113185526	113192368
ENSG00000125952		14	65006174	65102695
ENSG00000048162		5	176383938	176388927
ENSG00000241360		22	37658723	37666932
ENSG00000011009		1	23791145	23795539
ENSG00000143398		1	151197949	151249536
ENSG00000130821		X	153687926	153696588
ENSG00000143569		1	154220179	154271510
ENSG00000167123		9	128411751	128437351
ENSG00000141480		17	4710596	4721499
ENSG00000115226		2	27491883	27495200
ENSG00000086102		9	33290512	33371157
ENSG00000117122		1	16974502	16980632
ENSG00000171311		10	97435909	97446017
ENSG00000102977		16	67657512	67660815
ENSG00000284431		22	40346529	40410054
ENSG00000105676		19	19033575	19060311
ENSG00000040487		1	19312326	19329300
ENSG00000003756		3	50088919	50119021
ENSG00000025800		1	32108056	32176563
ENSG00000108352		17	40177010	40195656
ENSG00000258674		19	19516227	19536076
ENSG00000116191		1	178725147	178921841
ENSG00000218891		19	55576774	55580848
ENSG00000178498		12	57604622	57609804
ENSG00000162616		1	77979175	78017964
ENSG00000130283		19	18868545	18896158
ENSG00000143321		1	156742109	156766925
ENSG00000221944		2	232543883	232550557
ENSG00000115274		2	74455087	74457944
ENSG00000260641		4	98658904	98664550
ENSG00000215251		20	3146519	3159865
ENSG00000105220		19	34359480	34402413
ENSG00000008441		19	12995475	13098796
ENSG00000160214		21	43789513	43805293
ENSG00000053501		19	17215346	17219829
ENSG00000217930		16	4331549	4355607
ENSG00000261832		16	28456371	28492098
ENSG00000132563		5	138439057	138446969
ENSG00000126249		19	34404399	34426168
ENSG00000259070		14	38738155	38948273
ENSG00000033867		3	27372721	27484420
ENSG00000259518		15	82088569	82097694
ENSG00000141378		17	59674636	59707626
ENSG00000095066		19	12763003	12872740
ENSG00000267041		19	36714383	36772825
ENSG00000163795		2	27377235	27380790
ENSG00000183963		22	31064105	31104757
ENSG00000109814		4	39498755	39528311
ENSG00000100395		22	41205282	41231271
ENSG00000154133		11	124883691	124898500
ENSG00000127603		1	39081316	39487177
ENSG00000104825		19	38899700	38908893
ENSG00000254681		16	18374521	18401940
ENSG00000168259		17	41976421	42021376
ENSG00000275832		17	38419280	38512385
ENSG00000260196		11	17380649	17383531
ENSG00000083093		16	23603160	23641310
ENSG00000143756		1	224114111	224162047
ENSG00000115211		2	27364352	27370457
ENSG00000115363		2	75469302	75569722
ENSG00000070614		5	150485818	150558211
ENSG00000164329		5	79612120	79688246
ENSG00000101138		20	56392371	56406362
ENSG00000119326		9	108942569	109013522
ENSG00000184640		17	77280569	77500596
ENSG00000204946		7	149262171	149297302
ENSG00000165637		10	75210154	75231448
ENSG00000006704		7	74453790	74602605
ENSG00000107404		1	1335276	1349418
ENSG00000123146		19	14380501	14408725
ENSG00000248641		4	73098822	73099145
ENSG00000262576		5	141355021	141512975
ENSG00000111300		12	112026689	112108796
ENSG00000080608		9	2720469	2844095
ENSG00000139718		12	121804009	121832656
ENSG00000100292		22	35380361	35394214
ENSG00000197694		9	128552558	128633662
ENSG00000183431		1	37956975	37990075
ENSG00000187954		8	144449582	144465667
ENSG00000167232		19	23304991	23395471
ENSG00000103126		16	287440	352723
ENSG00000166197		10	102152176	102163871
ENSG00000124228		20	49219347	49244077
ENSG00000132740		11	68903863	68940602
ENSG00000145220		4	4267701	4290154
ENSG00000155275		4	8436140	8493531
ENSG00000033011		16	5033702	5087379
ENSG00000187531		17	81911939	81921323
ENSG00000188033		19	12576100	12640098
ENSG00000107951		10	30309801	30374448
ENSG00000213793		19	52904417	52923481
ENSG00000050327		7	144355288	144380632
ENSG00000123297		12	57782761	57808071
ENSG00000262814		17	81703367	81707517
ENSG00000144815		3	101779202	101828231
ENSG00000166908		12	57591174	57603418
ENSG00000186020		19	36534774	36605276
ENSG00000204366		6	31899613	31902086
ENSG00000099821		19	617221	633537
ENSG00000183604		16	30267553	30335374
ENSG00000130706		20	62302093	62308862
ENSG00000078237		12	4307763	4360028
ENSG00000141385		18	12328944	12377227
ENSG00000009954		7	73440406	73522293
ENSG00000015133		14	91271323	91417844
ENSG00000214944		5	73626158	73941993
ENSG00000137073		9	33921693	34049388
ENSG00000130921		12	123233385	123258079
ENSG00000162851		1	246540561	246566261
ENSG00000184992		12	124993645	125031231
ENSG00000185298		17	81666737	81673904
ENSG00000182446		17	81556887	81648465
ENSG00000177051		19	45710629	45730896
ENSG00000134070		3	10164919	10243745
ENSG00000248333		1	1635225	1659012
ENSG00000214026		11	1947278	1984522
ENSG00000067704		1	220094132	220148041
ENSG00000099331		19	17075777	17214537
ENSG00000166780		16	15434475	15625028
ENSG00000104626		8	9002147	9116746
ENSG00000167967		16	2223580	2235742
ENSG00000175110		3	139005806	139357223
ENSG00000162769		1	212858275	212899363
ENSG00000170619		8	144841042	144853736
ENSG00000177932		5	179060373	179083977
ENSG00000119004		2	203238977	203306026
ENSG00000278540		17	37084992	37406836
ENSG00000111371		12	46183063	46270017
ENSG00000198538		19	52797408	52857600
ENSG00000174109		16	1419752	1420756
ENSG00000089248		12	112013348	112023449
ENSG00000204394		6	31777518	31795752
ENSG00000149782		11	64251530	64269150
ENSG00000233024		16	18358086	18379331
ENSG00000185090		1	37793847	37801137
ENSG00000170469		5	139396563	139404089
ENSG00000130640		10	133278635	133318823
ENSG00000134278		18	12446512	12658134
ENSG00000104756		8	25427847	25458476
ENSG00000257671		12	52245048	52247448
ENSG00000206149		15	28589492	28685264
ENSG00000166147		15	48408313	48645721
ENSG00000076242		3	36993350	37050846
ENSG00000189077		7	75986831	75994656
ENSG00000124098		20	56358974	56368663
ENSG00000100105		22	31325804	31346346
ENSG00000159884		9	35658290	35661511
ENSG00000104856		19	45001449	45038198
ENSG00000032444		19	7534004	7561764
ENSG00000105186		19	32597006	32676597
ENSG00000226686		19	37251885	37265535
ENSG00000071859		X	154444141	154450654
ENSG00000103042		16	58665109	58684770
ENSG00000156521		10	70137981	70146700
ENSG00000167601		19	41219223	41261766
ENSG00000160972		8	144477969	144502121
ENSG00000087494		12	27958084	27972733
ENSG00000118965		2	19910263	19990105
ENSG00000147459		8	25184689	25418082
ENSG00000184635		19	19900913	19963464
ENSG00000163636		3	64010550	64024010
ENSG00000076201		3	47381011	47413435
ENSG00000141391		18	12407896	12432238
ENSG00000166123		16	46884362	46931289
ENSG00000234233		1	211132588	211133374
ENSG00000189320		7	135728348	135748813
ENSG00000270181		13	102799110	102875994
ENSG00000136840		9	127907886	127917041
ENSG00000185437		21	39445855	39515506
ENSG00000184887		14	105248533	105251093
ENSG00000132330		2	238060924	238099413
ENSG00000183386		1	37996770	38005606
ENSG00000254995		20	58651434	58715410
ENSG00000109133		4	41935129	41960803
ENSG00000204767		5	169861303	169980495
ENSG00000013563		X	154401236	154412112
ENSG00000100418		22	41598028	41621043
ENSG00000108797		17	42682531	42699993
ENSG00000105499		19	48047843	48110817
ENSG00000160999		7	102285091	102321711
ENSG00000157349		16	70289663	70335305
ENSG00000140854		16	57735739	57757244
ENSG00000074582		2	218658764	218663443
ENSG00000103496		16	31032889	31042975
ENSG00000138035		2	55634061	55693863
ENSG00000197912		16	89490719	89557766
ENSG00000196497		14	24180219	24188869
ENSG00000179091		8	144095039	144097525
ENSG00000105063		19	55229779	55259017
ENSG00000129474		14	22971177	22982551
ENSG00000149187		11	47465933	47565569
ENSG00000156515		10	69269984	69401884
ENSG00000160072		1	1471765	1497848
ENSG00000243056		5	140547662	140549576
ENSG00000165934		14	92121969	92172145
ENSG00000105647		19	18153163	18170532
ENSG00000125458		17	75130225	75131757
ENSG00000166508		7	100092728	100101940
ENSG00000187607		17	15699577	15720787
ENSG00000148143		9	106863166	107013634
ENSG00000265354		10	45972489	46003742
ENSG00000160695		11	119067818	119081972
ENSG00000116898		1	36455718	36464384
ENSG00000105329		19	41301587	41353922
ENSG00000179051		1	17406760	17439677
ENSG00000203326		19	53365693	53392217
ENSG00000130305		7	73302516	73308826
ENSG00000042286		10	70098223	70132934
ENSG00000109111		17	28662198	28702679
ENSG00000127993		7	92528773	92540481
ENSG00000138829		5	128257909	128659185
ENSG00000175556		X	118974614	119018355
ENSG00000069345		16	46955362	46973674
ENSG00000107937		10	988434	1019932
ENSG00000188227		19	37506939	37548762
ENSG00000107338		9	37915898	38069227
ENSG00000205323		12	55752463	55817724
ENSG00000149716		11	69653076	69675416
ENSG00000203668		1	241628851	241640369
ENSG00000213599		16	30193892	30204310
ENSG00000125637		2	113157325	113209396
ENSG00000118046		19	1177558	1228431
ENSG00000167699		17	757097	783390
ENSG00000106617		7	151556124	151877125
ENSG00000196419		22	41621163	41664048
ENSG00000137968		1	75202131	75611116
ENSG00000178691		17	31937007	32001038
ENSG00000113013		5	138553756	138575675
ENSG00000114302		3	48744597	48847874
ENSG00000136732		2	126656133	126696667
ENSG00000134245		1	112466541	112530165
ENSG00000178338		5	178859953	178888122
ENSG00000104131		15	44537125	44563029
ENSG00000154803		17	17212212	17237188
ENSG00000131368		3	15042460	15065317
ENSG00000167136		9	128818500	128822676
ENSG00000156873		16	30748293	30761176
ENSG00000155252		10	97640686	97676434
ENSG00000181610		17	57834781	57850056
ENSG00000100335		22	39499432	39518132
ENSG00000143379		1	150926263	150964744
ENSG00000037241		5	172958729	172969771
ENSG00000142230		19	47113274	47210636
ENSG00000125965		20	35433347	35454746
ENSG00000117592		1	173477330	173488815
ENSG00000278845		17	38297023	38323217
ENSG00000136463		17	63600882	63608365
ENSG00000126603		16	4314761	4339597
ENSG00000188211		11	17351800	17377341
ENSG00000188643		1	153606886	153613145
ENSG00000213339		19	10701430	10713437
ENSG00000188603		16	28474111	28495575
ENSG00000185163		12	132136594	132144319
ENSG00000141994		19	5784832	5791225
ENSG00000128346		22	37943050	37953669
ENSG00000076928		19	41883173	41930150
ENSG00000131188		5	177446445	177456286
ENSG00000141367		17	59619689	59696956
ENSG00000130958		9	96313444	96383711
ENSG00000179820		19	53864763	53876435
ENSG00000143367		1	151540305	151583583
ENSG00000285053		1	235328570	235448952
ENSG00000008710		16	2088708	2135898
ENSG00000159314		17	45393902	45434421
ENSG00000253767		5	141390157	141512975
ENSG00000131591		1	1081818	1116361
ENSG00000087266		4	2793071	2841098
