ENSG00000118971	12	4269771	4305353
ENSG00000104888	19	49429401	49442360
ENSG00000130294	2	240713761	240824293
ENSG00000162490	1	11691710	11725857
ENSG00000118785	4	87975667	87983532
ENSG00000131409	19	50516892	50568435
ENSG00000168283	10	22321099	22331484
ENSG00000138795	4	108047545	108168956
ENSG00000162493	1	13583465	13617957
ENSG00000163536	3	167735243	167825569
ENSG00000187193	16	56682470	56684196
ENSG00000105605	19	53909278	53943950
ENSG00000135047	9	87724051	87731469
ENSG00000125148	16	56608584	56609497
ENSG00000151490	12	15322257	15602175
ENSG00000061918	4	155758992	155807811
ENSG00000105409	19	41966582	41997497
ENSG00000182985	11	115169218	115504957
ENSG00000109472	4	165361194	165498547
ENSG00000137726	11	117836976	117877486
ENSG00000112559	6	41636882	41654244
ENSG00000158473	1	158178030	158186427
ENSG00000272636	17	142789	181650
ENSG00000139970	14	59595976	59870776
ENSG00000113749	5	175658030	175710756
ENSG00000197594	6	131808016	131895155
ENSG00000087258	16	56191390	56357444
ENSG00000143061	1	116574399	116667755
ENSG00000171033	8	78516340	78605267
ENSG00000078053	7	38383704	38631420
ENSG00000137558	8	74824534	74855029
ENSG00000196358	9	132161676	132244526
ENSG00000168743	4	105894775	106004027
ENSG00000121005	8	74984505	75034558
ENSG00000110076	11	64606174	64723197
ENSG00000138604	15	69160584	69272217
ENSG00000070193	5	44300247	44389706
ENSG00000091490	4	25747433	25863760
ENSG00000134853	4	54229280	54298245
ENSG00000114200	3	165772904	165837462
ENSG00000169116	4	74933095	75050115
ENSG00000211445	5	151020438	151028992
ENSG00000166446	16	80597907	80804598
ENSG00000139971	14	57999735	58298139
ENSG00000138646	4	88457119	88506163
ENSG00000152092	1	176857302	177164973
ENSG00000070182	14	64746283	64879907
ENSG00000181444	7	149764182	149773588
ENSG00000141404	18	11689264	11885685
ENSG00000166396	18	63752935	63805376
ENSG00000286190	17	5499427	5501006
ENSG00000163412	3	71675414	71754773
ENSG00000149294	11	112961247	113278436
ENSG00000113532	5	100806933	100903282
ENSG00000249242	4	82483170	82562357
ENSG00000064692	5	122311354	122464219
ENSG00000186907	11	57460528	57477534
ENSG00000140557	15	92393881	92468728
ENSG00000253276	7	106654360	106661158
ENSG00000169783	15	77613027	77820900
ENSG00000090539	3	184380073	184390736
ENSG00000127585	16	692498	705808
ENSG00000111341	12	14880864	14885857
ENSG00000164684	8	80628451	80874781
ENSG00000115935	2	174559572	174682916
ENSG00000088882	20	2794074	2800627
ENSG00000117016	1	40620680	40665682
ENSG00000183762	22	29073035	29168333
ENSG00000130477	19	17601336	17688365
ENSG00000078596	X	79360384	79367667
ENSG00000176533	19	2511219	2702694
ENSG00000163453	4	57030773	57110385
ENSG00000028137	1	12166991	12209228
ENSG00000114631	3	127629185	127672802
ENSG00000138083	2	44941702	44946071
ENSG00000145687	5	81413021	81751797
ENSG00000154122	5	14704800	14871778
ENSG00000182752	9	116153791	116402321
ENSG00000011105	12	3077355	3286564
ENSG00000124102	20	45174902	45176544
ENSG00000115380	2	55865967	55924139
ENSG00000184232	11	120211032	120230334
ENSG00000152969	4	6026199	6200591
ENSG00000122861	10	73909177	73917496
ENSG00000117114	1	81306147	81992436
ENSG00000101210	20	63488013	63499239
ENSG00000258655	14	32074946	32076793
ENSG00000136960	8	119557086	119673453
ENSG00000154118	16	87601835	87698156
ENSG00000221866	7	132123332	132648688
ENSG00000180155	8	142771197	142777810
ENSG00000184557	17	78356778	78360077
ENSG00000079215	5	36596588	36688334
ENSG00000169439	8	96493813	96611790
ENSG00000154639	21	17513043	17593579
ENSG00000140450	15	97960703	97973833
ENSG00000011201	X	8528874	8732137
ENSG00000176406	8	103500696	104256094
ENSG00000166033	10	122458551	122514907
ENSG00000140807	16	50548396	50649249
ENSG00000164283	5	54977867	55022671
ENSG00000156298	X	38561542	38688920
ENSG00000171843	9	20341669	20622499
ENSG00000154146	11	124739942	124747210
ENSG00000108813	17	49968970	49974959
ENSG00000153012	4	24998847	25030946
ENSG00000147234	X	107449652	107605255
ENSG00000198963	9	74497335	74693177
ENSG00000122756	9	34551432	34590140
ENSG00000171533	11	75586918	75669038
ENSG00000137501	11	85694224	85811159
ENSG00000116852	1	200969390	201023714
ENSG00000101445	20	38805697	38923024
ENSG00000105290	19	35867899	35879792
ENSG00000145358	4	100185870	100190782
ENSG00000185885	11	310041	315272
ENSG00000065609	6	83552880	83709691
ENSG00000197872	2	16549459	16666331
ENSG00000184349	5	107376894	107670937
ENSG00000061455	5	123089241	123194266
ENSG00000067141	15	73051710	73305205
ENSG00000167157	9	129665647	129722674
ENSG00000187957	2	229357629	229714555
ENSG00000136842	9	97501180	97601743
ENSG00000143162	1	167529117	167553805
ENSG00000090530	3	189956728	190122437
ENSG00000018236	12	40692439	41072415
ENSG00000140285	15	49423237	49488775
ENSG00000135916	2	230864639	230879248
ENSG00000153814	7	27830573	28180795
ENSG00000180828	8	64580365	64583627
ENSG00000105289	19	3708362	3750813
ENSG00000135643	12	70366290	70434292
ENSG00000146072	6	47231532	47309905
ENSG00000178538	8	60185412	60281400
ENSG00000105696	19	18607430	18621039
ENSG00000177679	7	76201896	76287288
ENSG00000144824	3	111732497	111976517
ENSG00000154553	4	185500660	185535507
ENSG00000178343	4	42397488	42402487
ENSG00000176490	19	2714567	2721372
ENSG00000182272	11	369499	382117
ENSG00000124126	20	48624252	48827999
ENSG00000173376	4	121035613	121073021
ENSG00000175445	8	19901717	19967259
ENSG00000182118	1	231018958	231040254
ENSG00000176658	17	32492522	32877177
ENSG00000119138	9	70384604	70414657
ENSG00000105835	7	106248298	106285966
ENSG00000175274	11	44885903	44951306
ENSG00000235609	21	14818843	15014430
ENSG00000144868	3	133038391	133397775
ENSG00000197380	19	46647551	46661182
ENSG00000166974	18	34976928	35143470
ENSG00000140511	15	88877294	88895597
ENSG00000067606	1	2050411	2185395
ENSG00000158457	7	129144707	129169699
ENSG00000064300	17	49495293	49515008
ENSG00000185305	5	53883942	54310582
ENSG00000137642	11	121452314	121633763
ENSG00000179314	17	6057807	6124427
ENSG00000188483	9	129175552	129178261
ENSG00000148700	10	109996368	110135565
ENSG00000082781	3	124761948	124901418
ENSG00000111052	12	80792520	80937934
ENSG00000184613	12	44508275	44921848
ENSG00000128564	7	101162509	101165569
ENSG00000107242	9	68705240	69009176
ENSG00000204103	20	40685848	40689236
ENSG00000234745	6	31353872	31357188
ENSG00000175161	3	84958989	86074429
ENSG00000171368	5	659862	693352
ENSG00000122574	7	29806486	29917066
ENSG00000178573	16	79585843	79600737
ENSG00000165349	X	70925579	70931125
ENSG00000153936	1	86914635	87109982
ENSG00000112541	6	165327287	165988078
ENSG00000173482	18	7566782	8406861
ENSG00000122420	1	78303884	78540701
ENSG00000167748	19	50819146	50823787
ENSG00000101144	20	57168753	57266641
ENSG00000106688	9	4490468	4587469
ENSG00000177614	1	230314490	230426332
ENSG00000186469	14	51826195	51979342
ENSG00000071073	2	98619106	98731132
ENSG00000135318	6	85449584	85495791
ENSG00000166741	11	114257787	114313536
ENSG00000104419	8	133237175	133302022
ENSG00000184905	X	102125679	102140426
ENSG00000204291	9	98943179	99070792
ENSG00000117602	1	24502351	24541040
ENSG00000150687	11	86791059	86952910
ENSG00000163995	4	7965310	8158832
ENSG00000221890	22	38818452	38844028
ENSG00000163888	3	184259213	184261553
ENSG00000175183	12	76858709	76879023
ENSG00000133138	X	106802673	106876150
ENSG00000111885	6	119177205	119349761
ENSG00000081803	7	122318411	122886759
ENSG00000152284	2	85133392	85310387
ENSG00000141753	17	40443450	40457725
ENSG00000107957	10	103594027	103855543
ENSG00000164659	7	86876906	87059654
ENSG00000167617	19	54465026	54473296
ENSG00000037280	5	180601506	180649624
ENSG00000110427	11	33376108	33674102
ENSG00000173852	7	34928876	35038271
ENSG00000131196	18	79395856	79529325
ENSG00000198795	18	25061924	25352190
ENSG00000129422	8	17643795	17800917
ENSG00000145730	5	102753981	103029730
ENSG00000106392	7	7156934	7248616
ENSG00000116678	1	65420652	65641559
ENSG00000214357	5	172641263	172691540
ENSG00000133135	X	106693794	106797016
ENSG00000185201	11	303655	309397
ENSG00000174607	4	114598770	114678225
ENSG00000133739	8	85107215	85146080
ENSG00000162706	1	159171609	159203313
ENSG00000066735	14	104138587	104180894
ENSG00000122641	7	41667168	41705834
ENSG00000075461	17	66964707	67033398
ENSG00000080709	5	114055926	114496500
ENSG00000101670	18	49560699	49599185
ENSG00000135549	6	122471917	122726373
ENSG00000108370	17	65100812	65227703
ENSG00000163297	4	79901146	80125454
ENSG00000080546	6	108986437	109094819
ENSG00000159212	21	34668994	34718227
ENSG00000162627	1	98661701	98760500
ENSG00000057149	18	63655197	63661893
ENSG00000186310	X	93670930	93673578
ENSG00000206073	18	63637259	63644256
ENSG00000169946	8	104590733	105804539
ENSG00000115271	2	162318840	162371595
ENSG00000086300	7	26291862	26374383
ENSG00000118418	6	79201245	79234738
ENSG00000150594	10	111077029	111080907
ENSG00000198948	4	169986597	170033031
ENSG00000116032	19	1000419	1009732
ENSG00000146122	6	39792298	39904877
ENSG00000129682	X	138614727	139222777
ENSG00000169071	9	91563091	91950228
ENSG00000006042	17	32927910	32945106
ENSG00000166086	11	134069071	134152001
ENSG00000064655	20	46894624	47188844
ENSG00000109099	17	15229773	15272292
ENSG00000133985	14	70641916	70675366
ENSG00000154240	17	65635537	66192133
ENSG00000106789	9	98120975	98192637
ENSG00000125895	20	1180561	1185415
ENSG00000099219	9	5765076	5833117
ENSG00000183873	3	38548057	38649687
ENSG00000187260	7	151375909	151410727
ENSG00000205978	14	24399003	24419283
ENSG00000205133	8	92883532	93017673
ENSG00000136859	9	127087348	127122635
ENSG00000069667	15	60488284	61229302
ENSG00000170873	8	124550784	124728473
ENSG00000135363	11	33858576	33892076
ENSG00000162599	1	60865259	61462788
ENSG00000162654	1	89181144	89198942
ENSG00000070214	9	105244622	105439171
ENSG00000106799	9	99104038	99154192
ENSG00000099617	19	1285873	1301431
ENSG00000113083	5	122063195	122078413
ENSG00000121039	8	73294602	73325281
ENSG00000118160	19	47428017	47471893
ENSG00000158555	11	75434640	75525941
ENSG00000187479	11	43925342	43943878
ENSG00000139946	14	56117814	56301524
ENSG00000137727	11	110577042	110713189
ENSG00000054598	6	1609915	1613897
ENSG00000107295	9	17579066	17797124
ENSG00000139318	12	89347235	89352501
ENSG00000184731	2	38814	46870
ENSG00000182132	5	170353487	170736632
ENSG00000183722	13	39209116	39603528
ENSG00000158270	18	316737	500722
ENSG00000164197	5	64165843	64372869
ENSG00000085117	11	44564427	44620358
ENSG00000196549	3	155024124	155183704
ENSG00000121440	3	73382431	73624941
ENSG00000185442	15	92617448	92809884
ENSG00000113763	5	176810519	176880898
ENSG00000146950	X	9786429	9949443
ENSG00000152078	1	95117355	95197607
ENSG00000130224	X	115110616	115234096
ENSG00000158813	X	69616067	70039472
ENSG00000136630	1	220879431	220885059
ENSG00000138675	4	80266639	80336680
ENSG00000151229	12	39755025	40106089
ENSG00000126259	19	35855861	35867136
ENSG00000108244	17	40922700	40937646
ENSG00000135272	7	114922359	115019202
ENSG00000164733	8	11842524	11869533
ENSG00000170801	4	8269754	8307098
ENSG00000147255	X	131273506	131578899
ENSG00000164116	4	155666726	155737059
ENSG00000173905	3	168008689	168095924
ENSG00000172348	6	46220736	46491972
ENSG00000136378	15	78759206	78811464
ENSG00000157851	2	26847747	26950351
ENSG00000121753	1	31727117	31764893
ENSG00000151790	4	155854738	155920406
ENSG00000142875	1	84078062	84238498
ENSG00000198624	5	151181052	151224093
ENSG00000099864	19	708935	748329
ENSG00000138639	4	85475150	86002668
ENSG00000229644	10	36521721	36524234
ENSG00000118495	6	143940300	144064599
ENSG00000095739	10	28677510	28682932
ENSG00000154330	9	68328308	68531061
ENSG00000111879	6	118959763	119149387
ENSG00000163430	3	120392293	120450993
ENSG00000138386	2	190646746	190692766
ENSG00000154096	11	119415476	119424985
ENSG00000159200	21	34513142	34615113
ENSG00000099284	10	70052544	70112282
ENSG00000149256	11	78652829	79441030
ENSG00000175471	5	94703741	95284575
ENSG00000144891	3	148697784	148743008
ENSG00000078295	5	7396138	7830081
ENSG00000198108	5	129904465	130186634
ENSG00000144711	3	12897043	13283281
ENSG00000173320	4	183797692	184023526
ENSG00000022267	X	136146702	136211359
ENSG00000152503	5	115124762	115180546
ENSG00000119698	14	94146128	94279734
ENSG00000171189	21	29536933	29940033
ENSG00000179981	18	75210755	75289950
ENSG00000176463	15	91853708	92172435
ENSG00000152495	5	111223653	111494886
ENSG00000127955	7	79768028	80226181
ENSG00000105767	19	43622368	43639850
ENSG00000143195	1	166895711	166975540
ENSG00000183186	19	405445	409147
ENSG00000178726	20	23045633	23049672
ENSG00000106123	7	142855061	142871094
ENSG00000162636	1	108560089	108644900
ENSG00000106415	7	7968796	8094272
ENSG00000149328	11	134331874	134378341
ENSG00000121691	11	34438934	34472060
ENSG00000169862	5	10971836	11904446
ENSG00000166257	11	123629187	123655244
ENSG00000005249	7	107044705	107161811
ENSG00000117643	1	25616791	25786206
ENSG00000092096	14	23346306	23352912
ENSG00000135144	12	113056709	113098028
ENSG00000129595	5	112142441	112419313
ENSG00000115255	19	1491166	1497927
ENSG00000157657	9	113876282	114056591
ENSG00000044524	3	89107621	89482134
ENSG00000144331	2	179441982	179861612
ENSG00000110400	11	119623408	119729200
ENSG00000149403	11	120511746	120988906
ENSG00000170035	2	180967248	181076585
ENSG00000129993	16	88874858	88977207
ENSG00000097033	1	86704570	86748184
ENSG00000151692	2	6917412	7068286
ENSG00000189060	22	37805229	37807432
ENSG00000153071	5	39371675	39462300
ENSG00000162437	1	64745095	64833232
ENSG00000164199	5	90529344	91164437
ENSG00000124302	19	33621953	33773509
ENSG00000106537	7	16753755	16784536
ENSG00000108387	17	58520250	58544368
ENSG00000153250	2	160272151	160493807
ENSG00000175264	11	45647689	45665622
ENSG00000115194	2	27253684	27275817
ENSG00000131015	6	149942014	149949235
ENSG00000060656	1	29236516	29326813
ENSG00000137033	9	6215786	6257983
ENSG00000142089	11	319676	329475
ENSG00000153820	2	227979955	228181687
ENSG00000068615	2	86213993	86338083
ENSG00000180233	7	30284597	30367689
ENSG00000104059	15	29120252	29570979
ENSG00000090776	X	68829021	68842160
ENSG00000148516	10	31318495	31529814
ENSG00000169031	2	227164624	227314792
ENSG00000135333	6	93240020	93419687
ENSG00000164308	5	96875986	96919703
ENSG00000142552	19	49528003	49546962
ENSG00000178662	2	165469647	165689407
ENSG00000072210	17	19648136	19685760
ENSG00000136943	9	97029677	97156556
ENSG00000198719	6	170282206	170306565
ENSG00000072832	4	5748084	5893086
ENSG00000185483	1	63774017	64181498
ENSG00000198729	6	150143044	150250392
ENSG00000146278	6	89080751	89085160
ENSG00000164761	8	118923557	118951885
ENSG00000136156	13	48232612	48270357
ENSG00000162745	1	161983192	162023869
ENSG00000173894	17	79778148	79787983
ENSG00000152661	6	121435595	121449727
ENSG00000154153	5	16473038	16617101
ENSG00000019549	8	48917598	48921740
ENSG00000162415	1	45016399	45306209
ENSG00000129946	19	416589	461033
ENSG00000011347	11	61513714	61581148
ENSG00000182580	3	184561785	184582408
ENSG00000184185	17	21376357	21419870
ENSG00000170412	17	74424851	74451653
ENSG00000074211	4	6320578	6563600
ENSG00000128683	2	170813213	170861151
ENSG00000157502	X	106168305	106208956
ENSG00000111058	12	80936414	81261210
ENSG00000134247	1	116909916	116990353
ENSG00000141639	18	50560087	50731826
ENSG00000168939	X	155612572	155782459
ENSG00000206503	6	29941260	29945884
ENSG00000256043	4	155921580	155953912
ENSG00000065413	2	196967017	197311173
ENSG00000120594	10	19816239	20289856
ENSG00000225968	7	1688119	1747954
ENSG00000116667	1	184387029	184629019
ENSG00000152784	4	80183879	80204329
ENSG00000130707	9	130444961	130501274
ENSG00000003137	2	72129238	72147862
ENSG00000197977	6	10980759	11044305
ENSG00000172164	8	120535745	120813273
ENSG00000170915	6	52361421	52407777
ENSG00000164983	8	124306189	124372701
ENSG00000157510	5	149271859	149343637
ENSG00000113296	5	79991311	80083287
ENSG00000141068	17	27456470	27626438
ENSG00000168824	4	4348140	4419058
ENSG00000076641	8	80967810	81112068
ENSG00000173404	20	20368104	20370949
ENSG00000139044	12	459939	563509
ENSG00000178947	X	135421944	135428075
ENSG00000119866	2	60450520	60554467
ENSG00000144645	3	31657912	32077580
ENSG00000174804	11	86945679	86955395
ENSG00000131724	X	118727133	118794535
ENSG00000104213	8	17576433	17644071
ENSG00000068078	4	1793293	1808872
ENSG00000129244	17	7646627	7657770
ENSG00000138821	4	102251080	102431258
ENSG00000130762	1	3454665	3481113
ENSG00000117266	1	205504596	205532793
ENSG00000169242	1	155127876	155134899
ENSG00000064309	11	125955796	126063335
ENSG00000165495	11	125164687	125433389
ENSG00000143847	1	203026498	203078740
ENSG00000169758	15	76059958	76229121
ENSG00000120756	3	142596393	142713664
ENSG00000128268	22	39457012	39492194
ENSG00000151690	2	190408355	190509205
ENSG00000163710	3	142815922	142889206
ENSG00000180616	17	73165010	73176633
ENSG00000158258	3	139935185	140577397
ENSG00000165633	10	49014236	49115522
ENSG00000122986	12	110627841	110704950
ENSG00000100167	22	41969475	41998221
ENSG00000143355	1	197911902	197935478
ENSG00000081189	5	88717117	88904257
ENSG00000143869	2	20667144	20679243
ENSG00000229847	10	117473215	117545068
ENSG00000057704	12	94567122	94650557
ENSG00000100626	14	69259277	69357033
ENSG00000221818	8	25841725	26045413
ENSG00000170370	10	117542445	117549546
ENSG00000250722	5	42799880	42887392
ENSG00000108960	17	55392622	55421924
ENSG00000153904	1	85318481	85578363
ENSG00000157404	4	54657918	54740715
ENSG00000072682	5	132190147	132295315
ENSG00000188620	10	123135970	123139423
ENSG00000141441	18	32124877	32470882
ENSG00000167100	17	50110040	50130160
ENSG00000104290	8	28494205	28574267
ENSG00000143344	1	183636085	183928532
ENSG00000075891	10	100735396	100829944
ENSG00000157150	3	12153068	12158912
ENSG00000196569	6	128883138	129516566
ENSG00000143641	1	230057990	230282122
ENSG00000101265	20	4780023	4823608
ENSG00000169715	16	56625475	56627112
ENSG00000171766	15	45361124	45402327
ENSG00000113805	3	74262568	74521140
ENSG00000154511	1	92832737	92961522
ENSG00000116574	1	228735479	228746664
ENSG00000173114	7	111091006	111125454
ENSG00000073331	4	112285509	112442621
ENSG00000158164	X	102513682	102516739
ENSG00000168955	2	227362038	227381995
ENSG00000106066	7	28995235	29195451
ENSG00000020181	8	37784191	37844896
ENSG00000136040	12	94148577	94307675
ENSG00000181690	8	56160909	56211324
ENSG00000055813	2	56183990	56386172
ENSG00000135622	2	74654228	74683853
ENSG00000101331	20	32010438	32032180
ENSG00000185033	15	90160604	90229679
ENSG00000115290	2	164492417	164621482
ENSG00000172292	2	168456249	168775134
